american_territory = {
	922 924 2532 925 2531 # Alabama
	891 892 894 895 896 897 2515 # Arkansas
	2542 2541 932 933 2543 # South Carolina
	2546 938 2547 937 2545 2544 936 # North Carolina
	2010 2560 # Connecticut
	957 # Delaware
	2536 2535 926 927 2534 928 2533 923 # Florida
	2537 2539 929 2540 2538 930 931 # Georgia
	915 916 917 2519 2520 # Illinois
	942 943 2523 2524 # Indiana
	939 940 941 2526 # Kentucky
	2516 893 2014 921 # Louisiana
	889 890 898 901 903 904 905 906 907 908 909 
	1809 2006 2007 2008 2009 2016 2020 2490 2501 
	2502 2503 2504 2505 2506 2507 2508 2509 2510 
	2511 2512 2513 2625 2672 # Upper Louisiana
	2553 953 2554 # Maryland
	971 2013 2565 2566 2567 # Maine
	966 968 2561 # Massachusetts
	910 911 912 913 914 944 945 2517 2518 2521 2522 # Michigan Territory
	2529 2530 920 919 2528 # Mississippi
	900 902 2514 899 # Missouri
	970 2562 2564 # NH
	2639 962 # Vermont?
	958 959 960 961 963 964 965 2558 2559 # NY
	946 947 948 2525 # Ohio
	954 955 956 2555 2556 2557 2023 # Pennsylvania
	967 # Rhode Island
	918 934 935 2527 # Tennessee
	969 2563 # Vermont
	2550 952 950 2549 2011 2552 2551 951 949 2548 # Virginia
}
canadian_territory = {
	2568 984 2569 982 983 # Nova Scotia
	987 988 989 991 1001 1007 2015 2585 2586 
	2587 2588 2589 2590 2591 2593 2670 2671 # Upper Canada
	986 990 992 993 994 995 996 997 1002 2012 2574 2575
	2576 2577 2578 2579 2580 2581 2582 2583 2584 # Lower Canada
	2571 2570 2572 985 # New Brunswick
	980 981 2573 # NFL
	998 999 1000 1003 1004 1005 1006 1008 1009 1010 1011 1813 
	2004 2005 2017 2018 2592 2594 2595 2596 2597 2598 2599 2600
	2601 2602 2603 # Ruperts Land
}
mexican_territory = {
	865 866 867 868 869 870 871 875 876 877 879 2021
	2476 2477 2478 2479 2480 2491 2493 2620 # California
	878 880 881 882 2492 2494 2495 2496 # NM
	883 884 885 886 887 888 2497 2498 2499 2500 2665 2666 2669 # Texas
	851 2643 2624 2622 2626 2642 2641 2615 857 848 853 850 2647
	2644 852 2623 2627 2648
	2645 2628 2646 849 847 2629 2630 2631 844 # Kingdom of Mexico
	854 2617 2657 2621 856 # N Galicia
	2616 862 859 855 # N Navarra
	863 864 2618 860 # N Biscay
	2614 # Nuevo Leon
	861 2619 # New Extremadura - Coahuila
	2668 858 2667 # New Santander - Tamaulipas
	846 2652 2634 2633 2651 845 2650 2632 # Yucatan
}
gran_colombian_territory = {
	822 823 824 825 826 827 832 2812 2814 2815 2816 2817 2818 # New Granada
	835 2664 2819 # Castilla del Oro
	828 829 2806 # New Andalucia
	817 818 819 820 2820 # Quito
	830 2813 2807 834 2808 831 2809 2810 2939 741 2805 # Venezuela
	2824 815 821 #Border region between Quito and Peru
}
peruvian_territory = {
	816 2945 2943 813 2821 2822 2823 2825 
	812 2826 2827 814 2944 811 809
	810 808 2830 2829 806 2828 805 807 804 2947 # Peru
	2833 802 803 2832 2834 801 800 2882 2835 2838 2940 2840 2841 
	796 793 2946 795 2941 2942 797 2831 # Upper Peru
}
venezuelan_guyana = {
	4617 2803 2804 2811 742
}
brazilian_guyana = {
	2938 747
}
brazilian_territory = {
	2889 2933 2934 2930 2935 2890 2929 748 2928 # GP
	2927 749 2924 2926 2923 # Maranhao
	2918 2925 752 2886 751 750 753 2922 754 755 2921 # Pernambuco
	2917 2916 757 756 2914 2885 2913 2915 2912 760 # Bahia
	2892 2907 2919 1906 758 2906 2908 2909 2910 2911 # Goyaz
	776 2893 2881 2920 2903 2888 2904 2905 2902 2901 2900 # Mato Grosso
	769 2895 768 766 764 2896 2897 # Sao Paulo
	763 762 # Rio de Janeiro
	761 # Espirito Santo
	2879 2857 2884 2887 # RGS
	2891 759 2898 765 2899 2894 #Minas Gerais
}
central_american_territory = {
836 2663 # Costa Rica
	2660 838 837 2661 # Nicaragua
	840 2662 2640 2637 # Comayagua
	839 # San Salvador
	2636 2653 841 842 # Guatemala
	2649 2638 2635 # Chiapas
	843 # Belize
}
